0.785206366020342 1.4206727262683398 
0.8355999389117061 1.3141901115927073 
0.8867892736861765 1.2147501031488912 
0.9385304524731604 1.1169334751246123 
0.9907683497713783 1.0183051568905646 
0.7598386645611676 1.4777456888610936 
0.8100708653625767 1.3664406794097765 
0.8611048128357214 1.264119966495997 
0.9125810865528344 1.1659452398497614 
0.9646337335065472 1.067961499135236 
0.999611010953234 1.0004400145284995 

0.5893364424500771 2.2259649073247116 
0.6392098534336885 1.9616722088263105 
0.6861416521247541 1.6898276082781987 
0.7350101834300534 1.5403811167149088 
0.5056665040797502 2.6617470570046304 
0.5625315481581251 2.330235268291367 
0.6113612357052861 2.0538308786236725 
0.6621945387071889 1.7845088839235672 
0.7107839045018659 1.6101546437663958 
0.47635744054737655 2.2806027992881592 
0.5267166252620317 2.146100956881199 
0.5771402085536037 2.0109386214604066 
0.627645643506594 1.8796596666510568 
0.678183938734471 1.7505850078035299 
0.7287813392232095 1.6245661238633669 
0.4511554001251747 2.347965128951804 
0.5015157830828637 2.2123094132074272 
0.5519238506773979 2.0778871482720125 
0.6023904991471097 1.9456293905626474 
0.6529107180580249 1.8152496611817668 
0.7034861920897643 1.6872731714415736 

0.22500203401869248 2.0076441141384045 
0.275006013585527 2.0040870011603005 
0.32500436653470444 2.0009277755399264 
0.3750077528053151 1.998500662657775 
0.4250141756569432 1.9969886906984018 
0.47502199697063113 1.9944501693560865 
0.5250470105377087 1.991847986036534 
0.5751052142832378 1.987813408229154 
0.20000055975950334 2.009633550927053 
0.2500003344148088 2.006617564755462 
0.30000104791012455 2.0023999587635264 
0.35000951041869605 1.9993600993504712 
0.4000074163977006 1.997585521734997 
0.4500147981871118 1.9954687609918742 
0.5000322763388784 1.9930893945926504 
0.55007508936546 1.994338760895922 
0.6001616449009483 1.9846223516201618 
